import calcResidualMatrix from '../../../Factors/centroidLogic/tuckerLogic/calcResidualMatrix';

const parameter1 = [[0,0.499,0.394,0.097,0.126,0.085,0.284,0.152,0.232],[0.499,0,0.436,0.007,0.023,0.083,0.467,0.235,0.307],[0.394,0.436,0,0.292,0.307,0.328,0.291,0.309,0.364],[0.097,0.007,0.292,0,0.621,0.51,0.044,0.319,0.213],[0.126,0.023,0.307,0.621,0,0.623,0.114,0.376,0.276],[0.085,0.083,0.328,0.51,0.623,0,0.086,0.337,0.271],[0.284,0.467,0.291,0.044,0.114,0.086,0,0.393,0.431],[0.152,0.235,0.309,0.319,0.376,0.337,0.393,0,0.489],[0.232,0.307,0.364,0.213,0.276,0.271,0.431,0.489,0]];
const parameter2 = [0.499,0.499,0.436,0.621,0.623,0.623,0.467,0.489,0.489];
const parameter3 = [0.468,0.505,0.624,0.539,0.611,0.582,0.509,0.613,0.607];


const testValue1 = [[0.28,0.263,0.102,-0.155,-0.16,-0.187,0.046,-0.135,-0.052],[0.263,0.244,0.121,-0.265,-0.286,-0.211,0.21,-0.075,0],[0.102,0.121,0.047,-0.044,-0.074,-0.035,-0.027,-0.074,-0.015],[-0.155,-0.265,-0.044,0.33,0.292,0.196,-0.23,-0.011,-0.114],[-0.16,-0.286,-0.074,0.292,0.25,0.267,-0.197,0.001,-0.095],[-0.187,-0.211,-0.035,0.196,0.267,0.284,-0.21,-0.02,-0.082],[0.046,0.21,-0.027,-0.23,-0.197,-0.21,0.208,0.081,0.122],[-0.135,-0.075,-0.074,-0.011,0.001,-0.02,0.081,0.113,0.117],[-0.052,0,-0.015,-0.114,-0.095,-0.082,0.122,0.117,0.121]];


test("calc Residual Matrix", () => {
  const value1 = calcResidualMatrix(parameter1, parameter2, parameter3);
  expect(value1).toEqual(testValue1);
});
