import getColumnSumsFromMatrix from '../../../Factors/centroidLogic/tuckerLogic/getColumnSumsFromMatrix';

const parameter1 = [[0,0.499,0.394,0.097,0.126,0.085,0.284,0.152,0.232],[0.499,0,0.436,0.007,0.023,0.083,0.467,0.235,0.307],[0.394,0.436,0,0.292,0.307,0.328,0.291,0.309,0.364],[0.097,0.007,0.292,0,0.621,0.51,0.044,0.319,0.213],[0.126,0.023,0.307,0.621,0,0.623,0.114,0.376,0.276],[0.085,0.083,0.328,0.51,0.623,0,0.086,0.337,0.271],[0.284,0.467,0.291,0.044,0.114,0.086,0,0.393,0.431],[0.152,0.235,0.309,0.319,0.376,0.337,0.393,0,0.489],[0.232,0.307,0.364,0.213,0.276,0.271,0.431,0.489,0]];

const testValue1 = [1.869,2.057,2.721,2.103,2.466,2.323,2.11,2.61,2.583];


test("get col sums from matrix", () => {
  const value1 = getColumnSumsFromMatrix(parameter1);
  expect(value1).toEqual(testValue1);
});
